0.0000962006850322267382863081208733 0.9997860576227513007552261115051806 0.0001177416922165243584564794931957
0.9922837672434573486057729496678803 0.0060167611340567212635521698871344 0.0016994716224859852081452427086106
0.0336152525379859040688401705665456 0.0000001406308429349058058860805773 0.9663846068311711112741591023223009
0.4216216357356734056871516713727033 0.0003124969775427617417994097248624 0.5780658672867838854259048275707755
0.9189431163832257887236210081027821 0.0810568835632636819354956969618797 0.0000000000535105780404384646684884
0.9106416514110837745477056159870699 0.0004826020605242989499825134736000 0.0888757465283918773879534569459793
0.1666400900591909206571727963819285 0.0001380025791570089154208095250098 0.8332219073616521365366338613966946
0.9680997976300727003717838670127094 0.0295800605297107215008178826565199 0.0023201418402166492510607653798616
0.0267363544977335179653188390602736 0.9732636454848815343865453542093746 0.0000000000173850026303334479758542
0.9667570492851437213843723839090671 0.0000000351722944444297236843922016 0.0332429155425619723973618135914876
0.9197571091229507223019368211680558 0.0802428908770474041967091238802823 0.0000000000000018059273830313307738
0.9860615306252784595386629007407464 0.0020314096326239402916236098661784 0.0119070597420976274916082360277869
0.0001515523985218150508635925888257 0.9998484475660004422437054927286226 0.0000000000354777667067974115218089
0.0000000000375297040743507503067190 0.0006957818555829233279561019109849 0.9993042181068874096894205649732612
0.3961196530184094566351404864690267 0.1994230613695074094682269105760497 0.4044572856120830506299057560681831
0.8789469614780054396163677665754221 0.0000000336594893263467506886923032 0.1210530048625051424693310764268972
0.0000001520149047586085019706064443 0.9999776552864236833784161717630923 0.0000221926986717630429389244706151
0.0000619537272792777571643260681178 0.7931976656421785287776060613396112 0.2067403806305422309108621448103804
0.6724157323194303037539043543802109 0.0000000005549950197333639038238166 0.3275842671255747573511030168447178
0.0129053922340548257730041825652734 0.0000781880841312144098153094629033 0.9870164196818139723532681273354683
0.1996339110038897746157715573644964 0.8003660889960760860262212190718856 0.0000000000000341300166258444327896
0.0101178336574529494085172842687825 0.7221528578641787099456905707484111 0.2677293084783682886040878656785935
0.9985808384671222004413948525325395 0.0000001136166528914713917615791059 0.0014190479162247888501868775534831
0.0000000000000075620974188460787476 0.3633200759379544564353636815212667 0.6366799240620379940480688674142584
0.5610132730860231120573189400602132 0.4389867269131202953680315204110229 0.0000000000008566890491352167127496
0.2956291379410727615528742262540618 0.7043708601786071721306825565989129 0.0000000018803200700792220627920502
0.0018146980048312502057511474973239 0.9847531862794475232547597443044651 0.0134321157157213204313972454428949
0.0000000593963938056535754198398162 0.9999998257281064173440654485602863 0.0000001148754998522665900080689258
0.0000000536903607517847758708954002 0.0000000000000000013721371732134683 0.9999999463096391760785763835883699
0.0000000540160449518597855923091305 0.9620121788955342534421788514009677 0.0379877670884206791734882813216245
0.3504092313848359285799460849375464 0.0000917544349497475809863608620098 0.6494990141802143845950467948568985
0.0690214989564475189798287146913935 0.9259020054800174426290482188051101 0.0050764955635350236459735207006361
0.0307896454462425438192152427063775 0.9692099168733636638251027761725709 0.0000004376803938595460940660355955
0.0052040355273469708630162955387277 0.0000774347405476422828186910951587 0.9947185297321053942809498948918190
0.6371329656519129081004848558222875 0.2943708757582904622651653880893718 0.0684961585897966435121375639027974
0.6395909576414844366354373050853610 0.3522506748800608988858584780246019 0.0081583674784547286634728280318996
0.0000013756808752245922601158698365 0.0463505661868632637401255180975568 0.9536480581322615002193288091802970
0.0018974930279602206066591474353800 0.0000029633538839820300669132980415 0.9980995436181557822763465992466081
0.0001973493571241082911258551968459 0.8977642678928458019882441476511303 0.1020383827500300627511009565751010
0.0000000043416013487492520383626835 0.0142937384422954696233665217164344 0.9857062572161031654971452553581912
0.8932480042271111475571387927629985 0.0176877846274302134854661261442743 0.0890642111454587187546749760258535
0.0008425475823629011975710034754172 0.0021550661321661115747694292821279 0.9970023862854709983949419438431505
0.0008939230385132160804084744398779 0.5480472413712215162817642521986272 0.4510588355902653279194680635555414
0.9999226308883675251593103894265369 0.0000773691111551176325658238375205 0.0000000000004772472636781299063360
0.0000001861864222678627537360982825 0.9997180503959375297284850603318773 0.0002817634176402375304794356569715
0.0000001282929159203035789967316293 0.9999998586523314303420306714542676 0.0000000130547525470355929390752506
0.0083354616392226129478748575252212 0.9914033405708606583317532567889430 0.0002611977899167456881358850839803
0.0000001485342687534212130020687187 0.0031496637399306458629522076364537 0.9968501877258006960147440622677095
0.0018257005019904912548889264201080 0.9981742151868104873102538476814516 0.0000000843111989694981982669435617
0.0113831223888755939110950521353516 0.0135543530827329731375252563907452 0.9750625245283914832583604948013090
0.0446742905460452005561577948355989 0.9553061761191012912775022414280102 0.0000195333348533804812053628341406
0.7643095458629619587398451585613657 0.2122762027997353584396478254348040 0.0234142513373026793510600640502162
0.0000000266834220279300779336211191 0.9904186768062380741284300711413380 0.0095812965103398411298440962013956
0.0347058505725196739244431398674351 0.9652936626169793532525886803341564 0.0000004868105010713099241767792651
0.0000000001631524840926590784896343 0.9999999998367954390232625883072615 0.0000000000000520904929519563276899
0.9999361821720742504737700073746964 0.0000635558173943014386320787822982 0.0000002620105314305332106589120546
0.9999999999972868369724210424465127 0.0000000000027130882946878662324584 0.0000000000000000001709010140674588
0.0252108304390496855418302146745191 0.0138962916416716254081054060520728 0.9608928779192786873153409032966010
0.9815652947725777011100944946520030 0.0176901889794182642923203729878878 0.0007445162480040437048833812383464
0.0151377697267855697987881669064336 0.9848543537553978710619162484363187 0.0000078765178164962979212278607055
0.8999774411248411265518143409281038 0.1000208499809322054696636428161582 0.0000017088942268025396583247315849
0.6899274316901510273325470734562259 0.0862284830392946316512947646515386 0.2238440852705542438716435071910382
0.9993526460522702548061602101370227 0.0006473538115080021068670212969209 0.0000000001362218243164155726360840
0.0079263676768115964854644062143052 0.2019042791468202147076027586081182 0.7901693531763681610513572195486631
0.9996806840031473573304765523062088 0.0000237736929477840880787619520786 0.0002955423039048754780579175704958
0.9033378058627616891129719078890048 0.0966513104292384961357953443439328 0.0000108837079996571048487365857005
0.0351550221633298368151265833603247 0.6524820090646691328473139037669171 0.3123629687720010372764534167799866
0.0258020762608249243363900404801825 0.0000000000000001414580929446320158 0.9741979237391750201524587282619905
0.9905463896818225144613734300946817 0.0000021335951380090824556774297543 0.0094514767230394602232079748205251
0.0000000000000000169932413579876486 0.9994788694113113658445968212618027 0.0005211305886885539244424148108692
0.0000000000000000000046147905452955 0.9998580059800741270947810335201211 0.0001419940199259501275187017599322
0.0020889126984365027038526019254050 0.6301312679333602728704022410965990 0.3677798193682032534823633795895148
0.6596764355674157309650240677001420 0.2924711883757570851649632004409796 0.0478523760568272671367395787456189
0.0033849653593296608403151459754099 0.0000128919714189916797652656760276 0.9966021426692514006973055984417442
0.1265684314304765523129248094846844 0.3810273544021700042883082915068371 0.4924042141673534711543425146373920
0.4921616232395621404194230308348779 0.5070141942194399398147197643993422 0.0008241825409978198024169016022711
0.0000049020889684491077140158880876 0.0125457320776257638672568361926096 0.9874493658334057011316531315969769
0.0029686667519322629954503511839903 0.9970054758516324611150594137143344 0.0000258573964353991293959288133575
0.0037840437211621659636950898430996 0.9834101673698780743393399461638182 0.0128057889089597289056232654047562
0.0000000000000431732728149997655385 0.9947951981381654151803672903042752 0.0052048018617915315850441793088521
0.0000000000168871057803005474243064 0.8604208285025582991778492214507423 0.1395791714805547090172410662489710
0.9999239726147808315914744525798596 0.0000578238324081816276343512295277 0.0000182035528110006010807635917770
0.0000000004937465907643470268249117 0.0000000000000036952111649968391664 0.9999999995062497371023368941678200
0.0085674682336897914347595417439152 0.0279200205855283691003254631368691 0.9635125111807818498732558509800583
0.0000000000000000000000000001478055 0.6502885320544541380982650480291341 0.3497114679455458063905837207130389
0.0373784194587116827546147135308274 0.9578879461216015522850852903502528 0.0047336344196866348560392978583877
0.0000001967449672766753367976033228 0.0014727062240650120455986993306396 0.9985270970309677585063923288544174
0.0000239749579932042971273670889376 0.0000005165881689004280188061359221 0.9999755084538379801273322300403379
0.9278669290311527539927283214638010 0.0582078704946527164532099618554639 0.0139252004741944653692931055388726
0.1879101802138848642531598898131051 0.0002004136709292092240284471893474 0.8118894061151858965175165394612122
0.9682351789840023537081492577272002 0.0188719147698616501740431772304873 0.0128929062461360568331292242305608
0.5343307701228195982778856887307484 0.0000008378580968150743825197958835 0.4656683920190834991004180665186141
0.0000617007320816597202130585064772 0.9999382208323823739704039326170459 0.0000000784355359332139131704094413
0.9999712229801261953454627473547589 0.0000287758345663760742403226161601 0.0000000011853073483820751475659892
0.0001645080105440745968804067134172 0.0000000180226499933635030658243570 0.9998354739668059432133873087877873
0.1455341263630065828937887317806599 0.0000807412767107649429485297098985 0.8543851323602826841607793539878912
0.9631788069989356548816772374266293 0.0000008078871863660127035372407814 0.0368203851138780152707496995390102
0.0002436678501184357805656871542865 0.7114950546050454738278290278685745 0.2882612775448360475927245261118514
0.9999990921001992161265548020310234 0.0000008868610591886414555199769430 0.0000000210387416563334326296751348
0.0000001109632894104430778204570815 0.2212656759209777335151159149972955 0.7787342131157328761759117696783505
0.3829193393659945932050447936489945 0.6162240210893388248081237179576419 0.0008566395446666392327061956279977
0.0000000000000056288956412840158926 0.0000000001008999016979427501303611 0.9999999998990944938270786224165931
0.0000000000000000087512758409199707 0.9997983565765080626874805602710694 0.0002016434234919003954354665975046
0.8858723656964475612340947918710299 0.0574611472662426084334619247329101 0.0566664870373097956379737638599181
0.2766786192930174026471945580851752 0.7233213803849655176847477378032636 0.0000000003220170286464790334184099
0.9999758661305738760560757327766623 0.0000241112273915589176635602963739 0.0000000226420345365934690150784363
0.0000000000000186693604037727296849 0.9999998627955919427989783798693679 0.0000001372043894780451432554311056
0.9968817842351274105539005176979117 0.0000004117278211175811219091260490 0.0031178040370514509445343254157024
0.0043243174265235632611203975272929 0.7462069592095931236386263663007412 0.2494687233638832879467628345082630
0.0003447547655918157595046624752655 0.9996552452344081851620671841374133 0.0000000000000000008283830538596370
0.0000000006776247324850832678859347 0.0000096522990020755742717221623006 0.9999903470233731939131871513382066
0.0001421587524273340379359770180301 0.0440802001973539872570206910040724 0.9557776410502186736906082842324395
0.9959798819860777863155476552492473 0.0040201180137917754894849586833061 0.0000000000001304868869745634072059
0.0009831754058980061560663044062380 0.0000208613308889930977282119867189 0.9989959632632130492879696248564869
0.0017464624387705921827740329632661 0.2870078216132842530150526272336720 0.7112457159479451673789185406349134
0.9992078870755752850740805115492549 0.0000102952811849403427969405419584 0.0007818176432397803141474690313828
0.1893272684459972599047006269756821 0.4380893881953616397773032531404169 0.3725833433586411280735717355128145
0.4325943907051726378121259131148690 0.5674055936196177318819877655187156 0.0000000156752094165412733012072088
0.0042953785645038558560493413551740 0.9957046214352057722507538528589066 0.0000000000002903886787045351184765
0.6200450221127009609034530512872152 0.3799549778870734417779431169037707 0.0000000000002255302580616635941980
0.0000000000000023228186606173570125 0.0000168102815819380235643019233516 0.9999831897184158213676141713222023
0.9746614289766118988111998078238685 0.0000000000017103106078023822917828 0.0253385710216776777192748681954981
0.0026522701889440045142087853946578 0.0005293125676047044387423357036937 0.9968184172434513268257205709232949
0.0017961453546258860248380218038733 0.9982038546453237959354964914382435 0.0000000000000503481637634073590292
0.0000000296551699631630345383249064 0.0000094017764598316150130314500233 0.9999905685683703193689098043250851
0.9999994579556296114830615806567948 0.0000000651020706261356868740968135 0.0000004769422997332656851234618939
0.0000000000000000000070973741124717 0.9960948218620692129476879017602187 0.0039051781379308377929737705613888
0.3340983505392387531429676528205164 0.0000001224368940007249931079078443 0.6659015270238674011338275704474654
0.0000072530128738788841990929069647 0.9999910840103131137723835308861453 0.0000016629768130686059223193214163
0.8987151470951448839485919961589389 0.0000000000034603482820576218199367 0.1012848529013947590504685081214120
0.9985778598557270013813536024827044 0.0000000000114754142319144240328711 0.0014221401327975068378667300450502
0.9999999951215894355982527486048639 0.0000000000000002193248719701578432 0.0000000048784102690981990867928017
0.0000000000447664558208629428873191 0.0000000000952154991461894663534694 0.9999999998600181960739519126946107
0.5401348135388169824366855209518690 0.4598651025825800098267848170507932 0.0000000838786030657112100458952931
0.9822961081438963404366404574830085 0.0176820355871334378150550037389621 0.0000218562689700751980521366280019
0.9037152162207825467632460458844434 0.0885607476341959409804616143446765 0.0077240361450215616959114051098823
0.0002695195455683037691861636542257 0.9997296900450004519811386671790387 0.0000007904094313242185851150372645
0.9119237618436305536917529934726190 0.0880754614560122633948324732955371 0.0000007767003571863446391234406078
0.0482474491425261345356467757028440 0.8191951837964811522496688667160925 0.1325573670609927201535782614882919
0.5640011607960865314126408520678524 0.3361860816306308508139011337334523 0.0998127575732825345067311673119548
0.9331326437126589157244893613096792 0.0025615114710073778880872197305507 0.0643058448163336821012947552844707
0.1118091173542040683841491954808589 0.8881417351268178217438276078610215 0.0000491475189781977059516951400475
0.0000007193826767669980676298056681 0.9998970976443981584225184633396566 0.0001021829729250999733557864201927
0.7299421876693683586267979990225285 0.2700370800859774322866257989517180 0.0000207322446543217758395047378706
0.0000000044871948725005484548834863 0.9999999947614788275984665233409032 0.0000000007513262506124970242288749
0.0009257626238088391152497580449676 0.2899668635692468354747575176588725 0.7091073738069443299636418487352785
0.4869540578385222473478677329694619 0.5130459418352938394392026566492859 0.0000000003261840511423313111026143
0.6723776710427036285011581639992073 0.3246975324322127209875077369360952 0.0029247965250837736767008934180012
0.0003286102086458489294519547119222 0.0452548330505189166927948463126086 0.9544165567408352535139215433446225
0.0000000527675919937448688749134665 0.9999998469995884375904893204278778 0.0000001002328197159125383354359067
0.0000000000001662095061887995886875 0.0283459778434738407515425251403940 0.9716540221563598755949442420387641
0.1517702512136477888127217283908976 0.0000000000678480526555552696537246 0.8482297487185040951729320113372523
0.0013352320193947108794424449840221 0.9986647679806027744220386921369936 0.0000000000000025772463011646987894
0.0541778485565713938121312764906179 0.9457865700901321170945834637677763 0.0000355813532963919419943414623742
0.8720647002087856813901112218445633 0.1279352988567818427689815052872291 0.0000000009344324339608628743298860
0.3448763554022825084111047999613220 0.6551236445977164368770218061399646 0.0000000000000009927261320791880342
0.0000000057331174752042389275182344 0.8626909905780801857133610610617325 0.1373090036888022225092242933897069
0.1844678963665425941442777002521325 0.1125329203451144177705600668559782 0.7029991832883429880851622328918893
0.0000233208025187908386712930947082 0.9998823027927745688003824398037978 0.0000943764047066834952520730794845
0.0000000000000066448806277643002506 0.0098759158578949676060565465718355 0.9901240841420984040155417460482568
0.0019386170157706589852603107360096 0.0000000000726797304234411748856635 0.9980613829115495549970660249528009
0.9907149677747782989811753395770211 0.0092849991053950212127610086554341 0.0000000331198267331535486286030667
0.7183683578856925322497772867791355 0.2816316421143074677502227132208645 0.0000000000000000433023060958156384
0.9993275326412808245990504474320915 0.0000014601992395360298765340408000 0.0006710071594796957741499432437138
0.0978680740268932924941225337533979 0.8869556526120966344350904364546295 0.0151762733610100713360635538151655
0.0000177217810996602584069654212628 0.1296743474953657715431631913816091 0.8703079307235346284699062380241230
0.0000216682590444599208962580400017 0.0000012451932728055337383656726510 0.9999770865476826919859831832582131
0.9400513811315974743720857986772899 0.0265885973748887227685600009863265 0.0333600214935137612259907768930134
0.9999997639845107366696197459532414 0.0000002349166469856378699266371678 0.0000000010988421535118812811579428
0.0000621499691415143041845620119901 0.8594100729001697969167139490309637 0.1405277771306886192004270696997992
0.0279781721979168104819102325109270 0.0000310026414647784155685997231622 0.9719908251606182991721993857936468
0.6443410249337341300090997719962616 0.3504769028005371156453406911168713 0.0051820722657286355170014324755812
0.9999962423008064149598794756457210 0.0000000000000000000463994317788107 0.0000037576991934937100635360802264
0.0001229120401875979917954290199233 0.9998770879378348075405824602057692 0.0000000000219774919791980468428675
0.0012078139810084392684330634182288 0.0000000179307092097619589316650850 0.9987921680882823061153885646490380
0.9999997076012084873397611772816163 0.0000002923237225473582640587809443 0.0000000000750689259145529206735052
0.2179787498907268805670156552878325 0.0000023086485885984472826476694707 0.7820189414606845135224943987850565
0.0000037477627481055059004719318821 0.9355729484305205234662139446299989 0.0644233038067313495966814684834389
0.0080150048929800050967475755214764 0.3776573318101355547504738296993310 0.6143276632968844852555889701761771
0.0000000000000000000037862395035011 0.0000000000015150625008382419699905 0.9999999999984848786382940488692839
0.9955435968721525474833811131247785 0.0044564026674407328232341285456641 0.0000000004604067181013743398462179
0.8577998812615954538074447555118240 0.1400616358925655391409748062869767 0.0021384828458392126163123414528400
0.0399283415595329330138874013300665 0.4237670191515908735269135831913445 0.5363046392888761726425173037569039
0.2692636599171326361457090570183937 0.6608521679587154862289821721788030 0.0698841721241519053808843864317168
0.0052786173286013243072245515463692 0.3750281228007211198338666235940764 0.6196932598706775818797609645116609
0.0016260311880302203042802933197208 0.9983735965964722902654671088384930 0.0000003722154973503551718343293660
0.6394471469070116542710024987172801 0.3395511172044143877180033541662851 0.0210017358885738053553282611574105
0.0006990827383977843900372817209643 0.8325341480609154132253024727106094 0.1667667692006868096488148012213060
0.0142370194786960255900476468582383 0.0000015945066170018178509335286461 0.9857613860146868800526931408967357
0.9654539039708143199902679043589160 0.0000000181421240130314739273951824 0.0345460778870616200264542783315846
0.0006520642464608184928759326837167 0.0000000000000000207134002145088287 0.9993479357535391960354331786220428
0.0000138221742620714722221166026461 0.7098723093951565532577774320088793 0.2901138684305814563479941625701031
0.9999990379034211507303098187549040 0.0000000000000026855598431509792874 0.0000009620965762175872392148378784
0.9983244592639475278872396302176639 0.0002914398685455792613850645178530 0.0013841008675068897613991136807954
0.0034032111642159461328827063653080 0.0040605369585149124131429054784803 0.9925362518772691267088248423533514
0.0000352014803705767487023922668321 0.9997352792159577283825910853920504 0.0002295193036717324769693804320525
0.0000099877056426920217142156888102 0.0000003964226083003377491977394301 0.9999896158717489491607466334244236
0.0001717959943775128437305071971153 0.9992086218788904794507743645226583 0.0006195821267320634605918483472919
0.9994170388435462681897547554399353 0.0004923904175240100423299738352512 0.0000905707389297761271016937167921
0.9992625920991050625374896299035754 0.0007374079008950252828863414222837 0.0000000000000000000000000123797088
